1000
0	11.3416	3.78786
1	19.7867	-2.42873
2	10.0587	0.862598
3	20.6948	0.750013
4	10.7663	-2.28266
5	19.5125	3.62173
6	13.3414	-4.6414
7	16.9324	5.21443
8	16.7527	-5.25695
9	14.0527	4.76675
10	19.9442	-3.82013
11	11.9382	2.53375
12	21.8074	-1.02922
13	11.6125	-0.57181
14	21.6465	2.13179
15	13.2687	-3.49324
16	19.7528	4.50372
17	16.2863	-5.05402
18	16.9362	5.09989
19	19.7023	-4.65548
20	14.3199	3.77375
21	22.2959	-2.5359
22	13.0568	1.0537
23	23.167	0.529551
24	13.6873	-2.05303
25	22.1431	3.36341
26	16.0446	-4.33573
27	19.7153	4.88158
28	19.3278	-4.95059
29	16.9298	4.53462
30	22.3693	-3.67483
31	14.9369	2.46166
32	24.1383	-1.02149
33	14.5788	-0.503499
34	24.0515	1.9707
35	16.0958	-3.24358
36	22.2679	4.19746
37	18.9491	-4.73316
38	19.6099	4.79567
39	22.1475	-4.38553
40	17.1529	3.55455
41	24.5908	-2.39087
42	15.9401	1.00585
43	25.4164	0.47143
44	16.5254	-1.89841
45	24.4473	3.13127
46	18.7213	-4.0452
47	22.1773	4.55294
48	21.7824	-4.61235
49	19.5564	4.22427
50	24.6231	-3.42841
51	17.6925	2.30187
52	26.2462	-0.956359
53	17.3639	-0.472295
54	26.1524	1.84171
55	18.7616	-3.02015
56	24.4776	3.89723
57	21.4187	-4.38981
58	21.9804	4.44885
59	24.3767	-4.06832
60	19.7024	3.29006
61	26.6114	-2.19819
62	18.5747	0.904729
63	27.3564	0.465165
64	19.114	-1.78245
65	26.4219	2.92053
66	21.1532	-3.76552
67	24.2937	4.2319
68	23.9673	-4.27655
69	21.8567	3.90297
70	26.575	-3.15522
71	20.1175	2.10859
72	28.0446	-0.863488
73	19.8164	-0.459264
74	27.9158	1.7277
75	21.1003	-2.81464
76	26.3437	3.61463
77	23.5375	-4.05464
78	24.0065	4.09707
79	26.2535	-3.73997
80	21.8858	3.01861
81	28.2743	-2.00577
82	20.8432	0.805565
83	28.9224	0.460478
84	21.3243	-1.6691
85	28.025	2.70653
86	23.1956	-3.47485
87	26.0207	3.89883
88	25.768	-3.93584
89	23.7563	3.58477
90	28.1292	-2.88696
91	22.1371	1.91742
92	29.4463	-0.772501
93	21.8435	-0.439051
94	29.2791	1.60162
95	23.0144	-2.60045
96	27.7938	3.33505
97	25.2229	-3.73431
98	25.6204	3.76512
99	27.6855	-3.43169
100	23.6414	2.77013
101	29.5022	-1.84453
102	22.6676	0.744805
103	30.0481	0.418961
104	23.0821	-1.52925
105	29.1971	2.47707
106	24.7556	-3.17403
107	27.3297	3.55735
108	27.0766	-3.59206
109	25.2282	3.27475
110	29.1876	-2.63796
111	23.727	1.74917
112	30.35	-0.701096
113	23.4185	-0.402227
114	30.1673	1.45639
115	24.4494	-2.36241
116	28.7743	3.03214
117	26.4215	-3.39809
118	26.7681	3.42526
119	28.6153	-3.11725
120	24.9303	2.5122
121	30.2372	-1.67303
122	23.9996	0.679711
123	30.6942	0.373969
124	24.3405	-1.38449
125	29.8847	2.24941
126	25.8091	-2.88294
127	28.1605	3.22785
128	27.875	-3.25821
129	26.2036	2.97595
130	29.7591	-2.4086
131	24.7984	1.61042
132	30.7721	-0.661551
133	24.4696	-0.340617
134	30.5828	1.29605
135	25.3424	-2.1148
136	29.2894	2.72266
137	27.0844	-3.06314
138	27.4319	3.10211
139	29.0214	-2.83587
140	25.7307	2.29546
141	30.4526	-1.54117
142	24.8249	0.650153
143	30.8467	0.294041
144	25.0715	-1.20487
145	30.0844	1.99449
146	26.3366	-2.58175
147	28.5088	2.90683
148	28.1343	-2.94303
149	26.7044	2.69699
150	29.8035	-2.19957
151	25.3702	1.49792
152	30.6908	-0.655178
153	25.0119	-0.247688
154	30.5023	1.11761
155	25.7114	-1.86489
156	29.337	2.41894
157	27.2048	-2.73412
158	27.6279	2.7866
159	28.9064	-2.57171
160	26.0461	2.10801
161	30.1585	-1.44245
162	25.159	0.646519
163	30.5143	0.197584
164	25.2805	-1.01087
165	29.8277	1.72193
166	26.3417	-2.26491
167	28.3916	2.58272
168	27.8834	-2.63999
169	26.7435	2.43609
170	29.3458	-2.00401
171	25.459	1.39513
172	30.1494	-0.664586
173	25.0488	-0.128924
174	29.9656	0.914115
175	25.5925	-1.60676
176	28.931	2.12751
177	26.8278	-2.42554
178	27.3818	2.48679
179	28.3213	-2.32126
180	25.8813	1.94665
181	29.4302	-1.38787
182	25.018	0.690937
183	29.7401	0.0702159
184	25.0145	-0.808745
185	29.162	1.45052
186	25.8577	-1.94568
187	27.8589	2.25837
188	27.1805	-2.3546
189	26.3595	2.21137
190	28.4287	-1.84156
191	25.1397	1.30293
192	29.1805	-0.671366
193	24.6502	0.00102803
194	28.9899	0.682929
195	25.1289	-1.34396
196	28.0203	1.8894
197	26.0852	-2.18497
198	26.7234	2.14042
199	27.4535	-1.79941
200	24.8418	1.34314
201	31.4109	-0.983916
202	26.0919	0.824268
203	32.1596	-0.793987
204	23.2588	0.713374
205	26.46	-0.42576
206	22.2399	-0.106281
207	23.9959	0.80006
208	27.3502	-1.51858
209	26.332	2.13144
210	31.4256	-2.53116
211	25.7463	2.62508
212	28.0714	-2.34334
213	22.2039	1.67216
214	23.8085	-0.68197
215	23.2897	-0.481018
216	25.645	1.63566
217	28.1676	-2.60788
218	28.1066	3.2517
219	28.14	-3.45779
220	25.1185	3.17031
221	23.5679	-2.41387
222	22.0778	1.30693
223	23.6119	-0.0395989
224	24.5001	-1.17779
225	28.3593	2.16514
226	26.7187	-2.79776
227	28.7171	3.00915
228	23.4273	-2.79084
229	24.0394	2.19863
230	21.1344	-1.35348
231	22.5535	0.420632
232	25.7085	0.4321
233	24.8617	-1.07611
234	30.144	1.4438
235	23.6754	-1.52817
236	27.3178	1.37254
237	19.8268	-1.05931
238	22.8304	0.694981
239	21.6841	-0.385125
240	23.3415	0.204183
241	28.119	-0.174986
242	24.2532	0.268725
243	29.2443	-0.421081
244	20.7077	0.55136
245	24.3539	-0.577563
246	18.8884	0.431745
247	22.2993	-0.0810469
248	23.9159	-0.45153
249	24.3378	1.08163
250	28.4032	-1.68215
251	23.2045	2.11811
252	25.5334	-2.27958
253	19.2107	2.10127
254	21.4792	-1.57102
255	20.2742	0.735127
256	23.0867	0.299445
257	25.4225	-1.37481
258	25.2579	2.31003
259	25.5443	-2.94039
260	22.2085	3.15258
261	20.8428	-2.90425
262	19.4231	2.22809
263	20.4704	-1.22598
264	22.2504	0.0551751
265	24.9083	1.0966
266	24.5103	-2.04687
267	25.4764	2.65537
268	20.7469	-2.84863
269	21.4171	2.62603
270	17.7363	-2.05201
271	20.6076	1.24238
272	21.7833	-0.346567
273	23.1315	-0.478059
274	26.378	1.0994
275	21.4066	-1.44097
276	24.3654	1.49515
277	16.6019	-1.31428
278	20.8281	0.987756
279	17.6679	-0.617991
280	21.8387	0.301311
281	24.0146	-0.111202
282	22.4167	0.0814761
283	25.8513	-0.194594
284	17.9487	0.384348
285	21.9635	-0.55573
286	15.2368	0.613946
287	20.599	-0.490344
288	19.9312	0.158691
289	22.6054	0.357212
290	24.8496	-0.982775
291	20.8084	1.60147
292	22.7842	-2.07699
293	16.091	2.28571
294	19.3326	-2.14773
295	16.8231	1.64539
296	21.0459	-0.826189
297	22.1737	-0.204309
298	22.8595	1.29499
299	22.7892	-2.26899
300	19.413	2.95443
301	18.3931	-3.22181
302	16.5649	3.015
303	17.9648	-2.36268
304	19.6416	1.36812
305	22.1478	-0.186229
306	22.1992	-1.00222
307	22.6065	2.01671
308	18.415	-2.7054
309	18.8553	2.97373
310	15.0032	-2.80385
311	18.5921	2.25551
312	18.6182	-1.44779
313	21.4885	0.531012
314	23.1501	0.341564
315	19.615	-1.03865
316	21.6783	1.47279
317	14.1137	-1.61647
318	19.0357	1.50497
319	14.4297	-1.2214
320	20.69	0.869128
321	20.5312	-0.544036
322	21.2453	0.316018
323	22.8682	-0.219449
324	16.0475	0.247684
325	20.0191	-0.351503
326	12.3737	0.448039
327	19.564	-0.444642
328	16.5683	0.271088
329	21.8001	0.094904
330	21.7641	-0.619993
331	19.4815	1.22418
332	20.5975	-1.79707
333	13.8695	2.21545
334	18.0924	-2.36369
335	13.9991	2.15964
336	20.2101	-1.58074
337	19.4103	0.678199
338	21.7806	0.428738
339	20.6286	-1.57528
340	17.7331	2.58006
341	16.9533	-3.27352
342	14.4407	3.52565
343	16.8632	-3.27305
344	17.5694	2.53798
345	20.9225	-1.42841
346	20.5111	0.115409
347	21.0988	1.20265
348	17.1011	-2.33423
349	17.2418	3.11993
350	13.7501	-3.45254
351	17.2544	3.29586
352	17.1041	-2.69686
353	20.575	1.77888
354	21.4553	-0.711706
355	18.8552	-0.330065
356	20.1912	1.20157
357	13.0804	-1.8051
358	18.1588	2.09521
359	12.8352	-2.08035
360	20.4996	1.82129
361	18.5829	-1.41796
362	21.2727	0.981459
363	21.1941	-0.6016
364	15.6457	0.326217
365	19.1787	-0.159341
366	11.1537	0.0706714
367	19.7044	-0.0059077
368	14.6978	-0.102465
369	22.4267	0.316424
370	19.9826	-0.665115
371	19.7817	1.1231
372	19.6214	-1.6112
373	13.3338	2.02134
374	18.1813	-2.24769
375	12.6516	2.20607
376	21.0276	-1.84155
377	17.884	1.13898
378	22.5191	-0.143422
379	19.7097	-1.02458
380	17.8103	2.18176
381	16.9437	-3.1266
382	13.8214	3.69177
383	17.5682	-3.77504
384	16.6659	3.34323
385	21.749	-2.42839
386	19.9815	1.13296
387	21.5074	0.365951
388	17.2236	-1.83786
389	17.2322	3.05209
390	14.3351	-3.83507
391	17.1236	4.09613
392	17.7696	-3.81716
393	20.7693	3.03807
394	21.8071	-1.86616
395	19.5293	0.493876
396	20.4097	0.823436
397	13.8601	-1.85302
398	18.4994	2.489
399	13.8026	-2.79131
400	20.6453	2.91511
401	17.7915	-2.97873
402	18.5256	2.9751
403	20.0028	-2.79552
404	16.8337	2.33652
405	21.4252	-1.59321
406	16.0111	0.666213
407	21.9617	0.305751
408	16.2012	-1.21495
409	21.3507	1.99902
410	17.5505	-2.60965
411	19.7988	2.98681
412	19.4964	-3.07106
413	18.0268	2.83798
414	21.3433	-2.31561
415	16.6708	1.56929
416	22.4644	-0.674654
417	16.3346	-0.292891
418	22.3991	1.24976
419	17.2086	-2.09864
420	21.2468	2.74287
421	18.983	-3.112
422	19.4517	3.17577
423	21.0869	-2.93708
424	17.7258	2.4178
425	22.7173	-1.65599
426	16.83	0.715434
427	23.2903	0.309627
428	17.1195	-1.30758
429	22.6527	2.17393
430	18.5706	-2.82829
431	21.0307	3.21498
432	20.7134	-3.29642
433	19.1169	3.05461
434	22.7384	-2.50249
435	17.7056	1.69251
436	23.9486	-0.710308
437	17.3714	-0.343184
438	23.9117	1.36754
439	18.3483	-2.26827
440	22.6592	2.9576
441	20.3196	-3.36103
442	20.7399	3.43117
443	22.5914	-3.1591
444	18.9221	2.57413
445	24.3659	-1.7343
446	17.9774	0.717299
447	24.986	0.382753
448	18.3517	-1.45806
449	24.2716	2.39728
450	19.9631	-3.10271
451	22.534	3.50496
452	22.294	-3.56758
453	20.4776	3.28399
454	24.5031	-2.67549
455	18.9812	1.79423
456	25.7923	-0.724904
457	18.6743	-0.422979
458	25.7374	1.53198
459	19.761	-2.49369
460	24.3791	3.21776
461	21.9262	-3.63417
462	22.2993	3.69685
463	24.389	-3.39197
464	20.3709	2.74567
465	26.2821	-1.82314
466	19.3888	0.717723
467	26.9358	0.462877
468	19.8314	-1.60626
469	26.1334	2.60146
470	21.6123	-3.34723
471	24.2505	3.7648
472	24.1226	-3.81024
473	22.0623	3.47944
474	26.4811	-2.80483
475	20.486	1.84926
476	27.8285	-0.701942
477	20.2177	-0.525716
478	27.7112	1.70954
479	21.4348	-2.72859
480	26.2264	3.48156
481	23.7741	-3.8964
482	23.9899	3.93263
483	26.408	-3.58199
484	21.9525	2.87185
485	28.3809	-1.86828
486	20.9659	0.672018
487	29.0148	0.595026
488	21.4918	-1.80696
489	28.1038	2.84704
490	23.4381	-3.61481
491	26.0531	4.03203
492	26.124	-4.05146
493	23.7317	3.66631
494	28.5938	-2.91371
495	22.0942	1.86906
496	29.9685	-0.634936
497	21.8639	-0.669504
498	29.7642	1.91714
499	23.2209	-2.98292
500	28.1225	3.75771
501	25.7275	-4.1627
502	25.728	4.15811
503	28.5076	-3.74423
504	23.5767	2.95843
505	30.5446	-1.87278
506	22.5868	0.591539
507	31.1224	0.756623
508	23.2099	-2.03412
509	30.077	3.11309
510	25.312	-3.88936
511	27.8466	4.28866
512	28.1676	-4.26926
513	25.3751	3.8264
514	30.7289	-2.99792
515	23.6884	1.86478
516	32.0904	-0.541925
517	23.5046	-0.837887
518	31.7766	2.13975
519	24.9995	-3.2376
520	29.9514	4.02261
521	27.6737	-4.41331
522	27.39	4.36676
523	30.5675	-3.8857
524	25.141	3.01741
525	32.6337	-1.84625
526	24.153	0.484891
527	33.1248	0.933988
528	24.8856	-2.26819
529	31.9128	3.3816
530	27.1357	-4.16191
531	29.5048	4.53344
532	30.1279	-4.46124
533	26.8898	3.94998
534	32.7532	-3.04337
535	25.1644	1.82526
536	34.0593	-0.416359
537	25.0444	-1.03871
538	33.6102	2.39181
539	26.6631	-3.51017
540	31.599	4.28728
541	29.488	-4.64742
542	28.8635	4.55046
543	32.4704	-3.99932
544	26.5322	3.04514
545	34.5247	-1.78348
546	25.5546	0.341406
547	34.9104	1.13849
548	26.3898	-2.51136
549	33.5117	3.64113
550	28.7864	-4.41301
551	30.917	4.74779
552	31.8865	-4.61217
553	28.172	4.02047
554	34.5449	-3.02917
555	26.4125	1.73053
556	35.7643	-0.248343
557	26.3763	-1.26904
558	35.1378	2.66435
559	28.1267	-3.79407
560	32.9284	4.54824
561	31.0868	-4.85849
562	30.0105	4.69631
563	34.1456	-4.07113
564	27.6016	3.03434
565	36.1444	-1.68352
566	26.6646	0.156555
567	36.3861	1.38781
568	27.6045	-2.79405
569	34.7847	3.92684
570	30.1497	-4.67845
571	31.98	4.97342
572	33.3494	-4.77707
573	29.1141	4.10457
574	36.0044	-3.02207
575	27.3302	1.63699
576	37.1226	-0.0839137
577	27.3702	-1.4864
578	36.3039	2.91615
579	29.2467	-4.05561
580	33.9006	4.78591
581	32.3035	-5.03873
582	30.8222	4.7999
583	35.4133	-4.09736
584	28.3374	2.98946
585	37.3265	-1.56718
586	27.4701	-0.0355917
587	37.3877	1.64564
588	28.4994	-3.08033
589	35.6149	4.18957
590	31.1521	-4.88012
591	32.5917	5.10757
592	34.4624	-4.85384
593	29.6096	4.12135
594	37.0411	-2.95432
595	27.8774	1.46286
596	38.0098	0.183111
597	27.972	-1.79566
598	37.011	3.2154
599	30.005	-4.32745
600	34.3259	5.04398
601	33.1939	-5.28605
602	31.1464	4.9961
603	36.2105	-4.17643
604	28.6719	2.91568
605	38.0691	-1.37268
606	27.7488	-0.273212
607	38.0121	1.86566
608	28.9294	-3.27875
609	35.9207	4.39724
610	31.7551	-5.10484
611	32.7518	5.30352
612	35.019	-4.95122
613	29.7277	4.08495
614	37.5752	-2.81021
615	27.9304	1.26851
616	38.4239	0.390075
617	28.1521	-2.01538
618	37.1553	3.45596
619	30.316	-4.56597
620	34.3052	5.22513
621	33.5438	-5.3607
622	30.9713	4.95849
623	36.6112	-4.06033
624	28.4182	2.75576
625	38.3252	-1.17353
626	27.6386	-0.528672
627	38.0004	2.18036
628	28.946	-3.61827
629	35.7254	4.70336
630	31.8444	-5.33052
631	32.3721	5.43435
632	35.1757	-4.99651
633	29.2424	4.05437
634	37.6477	-2.7028
635	27.4991	1.08287
636	38.3054	0.639884
637	27.8211	-2.2971
638	36.8278	3.73148
639	30.0989	-4.80476
640	33.7698	5.40718
641	33.4006	-5.47156
642	30.3126	4.98669
643	36.4333	-4.00158
644	27.7453	2.61778
645	38.011	-0.974643
646	27.0469	-0.765993
647	37.4702	2.43365
648	28.4802	-3.86356
649	34.9834	4.91292
650	31.46	-5.47637
651	31.484	5.49681
652	34.7974	-4.97025
653	28.2993	3.94614
654	37.163	-2.5244
655	26.6243	0.847352
656	37.611	0.915388
657	27.074	-2.58705
658	35.9108	4.00342
659	29.4624	-5.02729
660	32.6673	5.55785
661	32.8155	-5.53872
662	29.1154	4.9662
663	35.783	-3.89428
664	26.5771	2.43116
665	37.1896	-0.725857
666	25.9864	-1.05074
667	36.4271	2.72408
668	27.552	-4.13077
669	33.7278	5.13167
670	30.6172	-5.62514
671	30.0976	5.55918
672	33.9401	-4.93864
673	26.8884	3.8249
674	36.187	-2.32875
675	25.2896	0.598877
676	36.4302	1.19246
677	25.8736	-2.86648
678	34.5106	4.2565
679	28.3704	-5.2252
680	31.1042	5.67741
681	31.7581	-5.56771
682	27.4806	4.9042
683	34.6537	-3.7496
684	24.9872	2.21772
685	35.8825	-0.462897
686	24.5204	-1.33767
687	34.9017	3.00455
688	26.2172	-4.37434
689	32.0077	5.31334
690	29.3625	-5.72807
691	28.266	5.57437
692	32.6583	-4.86435
693	25.0644	3.66756
694	34.7673	-2.10409
695	23.5681	0.330765
696	34.8021	1.47597
697	24.2984	-3.13732
698	32.6674	4.48875
699	26.909	-5.39579
700	29.1179	5.76773
701	30.3151	-5.56698
702	25.4597	4.81249
703	33.1195	-3.57776
704	23.0405	1.98426
705	34.1614	-0.190587
706	22.7194	-1.62328
707	32.9632	3.2754
708	24.5519	-4.6017
709	29.8993	5.47211
710	27.7612	-5.8014
711	26.081	5.55578
712	31.0139	-4.75677
713	22.9196	3.48154
714	32.9714	-1.85715
715	21.5512	0.0473408
716	32.8015	1.76619
717	22.4309	-3.40343
718	30.4753	4.70319
719	25.1473	-5.53729
720	26.8115	5.82221
721	28.5586	-5.52811
722	23.1538	4.68316
723	31.2579	-3.37119
724	20.8348	1.7229
725	32.1158	0.0975637
726	20.6703	-1.90877
727	30.7126	3.52996
728	22.6427	-4.79954
729	27.501	5.59173
730	25.9075	-5.82881
731	23.6389	5.48754
732	29.1061	-4.60059
733	20.547	3.25405
734	30.9059	-1.58086
735	19.3333	-0.25138
736	30.529	2.05825
737	20.379	-3.65908
738	28.0247	4.89593
739	23.2027	-5.64781
740	24.2707	5.84052
741	26.6139	-5.45331
742	20.6453	4.52249
743	29.195	-3.13979
744	18.4611	1.4436
745	29.863	0.396041
746	18.473	-2.19572
747	28.2647	3.77695
748	20.5925	-4.98301
749	24.9269	5.69407
750	23.9069	-5.8393
751	21.0561	5.40423
752	27.0375	-4.4319
753	18.0664	3.01826
754	28.6776	-1.30311
755	17.0249	-0.542675
756	28.1063	2.33394
757	18.2398	-3.89094
758	25.4527	5.05898
759	21.158	-5.72382
760	21.6482	5.82115
761	24.5541	-5.3409
762	18.0898	4.32855
763	27.0105	-2.88302
764	16.0647	1.1489
765	27.496	0.698657
766	16.2591	-2.47398
767	25.7288	4.00114
768	18.5189	-5.13052
769	22.2965	5.75127
770	21.8739	-5.80111
771	18.4516	5.27363
772	24.9253	-4.22065
773	15.5951	2.74752
774	26.4055	-1.00165
775	14.7421	-0.842899
776	25.6523	2.60242
777	16.134	-4.10137
778	22.8693	5.19048
779	19.1452	-5.76269
780	19.044	5.76338
781	22.5178	-5.19346
782	15.5846	4.10763
783	24.8412	-2.61051
784	13.7483	0.850248
785	25.1443	0.994206
786	14.1378	-2.73396
787	23.2286	4.19475
788	16.5365	-5.23644
789	19.7257	5.76243
790	19.9292	-5.722
791	15.9429	5.11313
792	22.8753	-3.98848
793	13.2705	2.45843
794	24.1838	-0.682398
795	12.6149	-1.1533
796	23.2795	2.86231
797	14.1759	-4.27898
798	20.3871	5.26935
799	17.2879	-5.73801
800	16.5585	5.63696
801	20.6392	-4.97484
802	13.2112	3.81929
803	22.8469	-2.28749
804	11.5741	0.529577
805	22.9552	1.28653
806	12.2126	-2.98548
807	20.8698	4.39541
808	14.7488	-5.36613
809	17.362	5.79292
810	18.1318	-5.63485
811	13.6655	4.91766
812	21.0201	-3.72189
813	11.1395	2.16677
814	22.1771	-0.399331
815	10.7293	-1.41184
816	21.083	3.08653
817	12.4813	-4.45199
818	18.1308	5.367
819	15.6358	-5.74105
820	14.3742	5.5421
821	18.9211	-4.79458
822	11.1997	3.57382
823	20.9771	-1.99959
824	9.78657	0.227093
825	20.9363	1.56731
826	10.6069	-3.20464
827	18.7605	4.52188
828	13.2654	-5.38769
829	15.2392	5.71487
830	16.6598	-5.47018
831	11.6734	4.67948
832	19.4195	-3.42506
833	9.37741	1.83461
834	20.4068	-0.0657735
835	9.19624	-1.70904
836	19.1708	3.31595
837	11.1283	-4.59386
838	16.1596	5.4116
839	14.3455	-5.68532
840	12.4829	5.38973
841	17.5612	-4.55908
842	9.49844	3.27945
843	19.4676	-1.67775
844	8.3267	-0.0894341
845	19.2625	1.84799
846	9.36098	-3.42201
847	16.9938	4.65274
848	12.1326	-5.41679
849	13.4965	5.63901
850	15.5196	-5.29898
851	10.0758	4.43195
852	18.1608	-3.12548
853	8.01195	1.51097
854	18.985	0.250052
855	8.06175	-1.98302
856	17.6266	3.51734
857	10.1572	-4.70148
858	14.5845	5.41656
859	13.4246	-5.58927
860	11.0073	5.20209
861	16.5621	-4.29657
862	8.22889	2.9673
863	18.3199	-1.34884
864	7.29804	-0.399389
865	17.9649	2.10678
866	8.54112	-3.60491
867	15.6171	4.74297
868	11.4158	-5.40508
869	12.1684	5.52495
870	14.7762	-5.09325
871	8.91483	4.15638
872	17.2914	-2.80939
873	7.09337	1.18618
874	17.949	0.552461
875	7.3821	-2.23372
876	16.4742	3.69024
877	9.6299	-4.77736
878	13.4252	5.38735
879	12.9278	-5.45943
880	9.96968	4.9861
881	15.9701	-4.01535
882	7.41925	2.64659
883	17.5642	-1.01926
884	6.73874	-0.703679
885	17.0656	2.3529
886	8.17841	-3.76734
887	14.657	4.80696
888	11.1388	-5.36601
889	11.2804	5.38634
890	14.4471	-4.8666
891	8.21967	3.86269
892	16.8208	-2.47892
893	6.64523	0.854406
894	17.3164	0.850969
895	7.16538	-2.46967
896	15.7355	3.84081
897	9.54912	-4.82645
898	12.7025	5.32754
899	12.8519	-5.29496
900	9.38784	4.73385
901	15.7869	-3.70176
902	7.0708	2.30277
903	17.2108	-0.677705
904	6.64339	-1.01021
905	16.5692	2.59286
906	8.26855	-3.91455
907	14.1114	4.84603
908	11.3023	-5.29491
909	10.8113	5.21453
910	14.5499	-4.6112
911	7.9516	3.5466
912	16.7676	-2.13139
913	6.62948	0.510479
914	17.0977	1.1549
915	7.37587	-2.70271
916	15.408	3.98225
917	9.89459	-4.86584
918	12.3885	5.26256
919	13.1912	-5.13104
920	9.22271	4.48613
921	16.0071	-3.39599
922	7.13654	1.9721
923	17.2594	-0.356529
924	6.95653	-1.29092
925	16.4718	2.80679
926	8.75653	-4.0401
927	13.9752	4.86848
928	11.8391	-5.21055
929	10.7638	5.03281
930	15.0111	-4.3523
931	8.10598	3.23633
932	17.062	-1.79807
933	7.03454	0.185054
934	17.226	1.43894
935	7.98499	-2.91344
936	15.445	4.0963
937	10.6118	-4.8732
938	12.4485	5.1654
939	13.8825	-4.93934
940	9.44156	4.21543
941	16.5569	-3.06925
942	7.58736	1.62139
943	17.6359	-0.0197747
944	7.6364	-1.57782
945	16.7044	3.01661
946	9.60084	-4.15547
947	14.1653	4.87945
948	12.7163	-5.11406
949	11.0469	4.83581
950	15.7988	-4.07451
951	8.58081	2.90785
952	17.6813	-1.45269
953	7.75169	-0.145237
954	17.6648	1.72465
955	8.90497	-3.1265
956	15.7832	4.2127
957	11.6303	-4.87953
958	12.797	5.06346
959	14.8789	-4.74365
960	9.92867	3.946
961	17.405	-2.74746
962	8.30478	1.27245
963	18.2956	0.323481
964	8.57287	-1.87775
965	17.2137	3.24087
966	10.7007	-4.28584
967	14.6017	4.91147
968	13.8627	-5.0496
969	11.5547	4.67838
970	16.8487	-3.83302
971	9.26509	2.60347
972	18.5702	-1.11875
973	8.64723	-0.472373
974	18.3736	2.01531
975	10.0002	-3.35925
976	16.3673	4.3694
977	12.824	-4.94358
978	13.3728	5.02608
979	16.0595	-4.61096
980	10.5972	3.73713
981	18.4678	-2.48436
982	9.16282	0.973459
983	19.1788	0.638226
984	9.61858	-2.17703
985	17.9623	3.48501
986	11.8847	-4.44439
987	15.2449	4.97896
988	15.1392	-5.03999
989	12.1982	4.60174
990	18.0522	-3.68072
991	10.0549	2.36226
992	19.647	-0.801197
993	9.54783	-0.816834
994	19.3495	2.32801
995	11.0702	-3.61503
996	17.1286	4.58932
997	14.1002	-5.16038
998	14.0428	5.23642
999	17.3136	-4.76662
